C =

  Columns 1 through 13

   17.8000   14.6000    9.6000    4.8000    4.6000   13.0000   17.8000    2.4000    9.8000    7.6000   14.4000   15.0000   19.6000
   17.8000   14.6000    9.6000    4.8000    4.6000   13.0000   17.8000    2.4000    9.8000    7.6000   14.4000   15.0000   19.6000
   17.8000   14.6000    9.6000    4.8000    4.6000   13.0000   17.8000    2.4000    9.8000    7.6000   14.4000   15.0000   19.6000
   17.8000   14.6000    9.6000    4.8000    4.6000   13.0000   17.8000    2.4000    9.8000    7.6000   14.4000   15.0000   19.6000
   17.8000   14.6000    9.6000    4.8000    4.6000   13.0000   17.8000    2.4000    9.8000    7.6000   14.4000   15.0000   19.6000
   17.8000   14.6000    9.6000    4.8000    4.6000   13.0000   17.8000    2.4000    9.8000    7.6000   14.4000   15.0000   19.6000
   17.8000   14.6000    9.6000    4.8000    4.6000   13.0000   17.8000    2.4000    9.8000    7.6000   14.4000   15.0000   19.6000
   17.8000   14.6000    9.6000    4.8000    4.6000   13.0000   17.8000    2.4000    9.8000    7.6000   14.4000   15.0000   19.6000
   17.8000   14.6000    9.6000    4.8000    4.6000   13.0000   17.8000    2.4000    9.8000    7.6000   14.4000   15.0000   19.6000
   17.8000   14.6000    9.6000    4.8000    4.6000   13.0000   17.8000    2.4000    9.8000    7.6000   14.4000   15.0000   19.6000
   17.8000   14.6000    9.6000    4.8000    4.6000   13.0000   17.8000    2.4000    9.8000    7.6000   14.4000   15.0000   19.6000
   17.8000   14.6000    9.6000    4.8000    4.6000   13.0000   17.8000    2.4000    9.8000    7.6000   14.4000   15.0000   19.6000
   17.8000   14.6000    9.6000    4.8000    4.6000   13.0000   17.8000    2.4000    9.8000    7.6000   14.4000   15.0000   19.6000
   17.8000   14.6000    9.6000    4.8000    4.6000   13.0000   17.8000    2.4000    9.8000    7.6000   14.4000   15.0000   19.6000
   17.8000   14.6000    9.6000    4.8000    4.6000   13.0000   17.8000    2.4000    9.8000    7.6000   14.4000   15.0000   19.6000
   17.8000   14.6000    9.6000    4.8000    4.6000   13.0000   17.8000    2.4000    9.8000    7.6000   14.4000   15.0000   19.6000
   17.8000   14.6000    9.6000    4.8000    4.6000   13.0000   17.8000    2.4000    9.8000    7.6000   14.4000   15.0000   19.6000
   17.8000   14.6000    9.6000    4.8000    4.6000   13.0000   17.8000    2.4000    9.8000    7.6000   14.4000   15.0000   19.6000
   17.8000   14.6000    9.6000    4.8000    4.6000   13.0000   17.8000    2.4000    9.8000    7.6000   14.4000   15.0000   19.6000
   17.8000   14.6000    9.6000    4.8000    4.6000   13.0000   17.8000    2.4000    9.8000    7.6000   14.4000   15.0000   19.6000
   17.8000   14.6000    9.6000    4.8000    4.6000   13.0000   17.8000    2.4000    9.8000    7.6000   14.4000   15.0000   19.6000
   17.8000   14.6000    9.6000    4.8000    4.6000   13.0000   17.8000    2.4000    9.8000    7.6000   14.4000   15.0000   19.6000
   17.8000   14.6000    9.6000    4.8000    4.6000   13.0000   17.8000    2.4000    9.8000    7.6000   14.4000   15.0000   19.6000
   17.8000   14.6000    9.6000    4.8000    4.6000   13.0000   17.8000    2.4000    9.8000    7.6000   14.4000   15.0000   19.6000
   17.8000   14.6000    9.6000    4.8000    4.6000   13.0000   17.8000    2.4000    9.8000    7.6000   14.4000   15.0000   19.6000
   17.8000   14.6000    9.6000    4.8000    4.6000   13.0000   17.8000    2.4000    9.8000    7.6000   14.4000   15.0000   19.6000
   17.8000   14.6000    9.6000    4.8000    4.6000   13.0000   17.8000    2.4000    9.8000    7.6000   14.4000   15.0000   19.6000
   17.8000   14.6000    9.6000    4.8000    4.6000   13.0000   17.8000    2.4000    9.8000    7.6000   14.4000   15.0000   19.6000
   17.8000   14.6000    9.6000    4.8000    4.6000   13.0000   17.8000    2.4000    9.8000    7.6000   14.4000   15.0000   19.6000
   17.8000   14.6000    9.6000    4.8000    4.6000   13.0000   17.8000    2.4000    9.8000    7.6000   14.4000   15.0000   19.6000
   17.8000   14.6000    9.6000    4.8000    4.6000   13.0000   17.8000    2.4000    9.8000    7.6000   14.4000   15.0000   19.6000
   17.8000   14.6000    9.6000    4.8000    4.6000   13.0000   17.8000    2.4000    9.8000    7.6000   14.4000   15.0000   19.6000

