A =

    8.9000    7.3000    4.8000    2.4000
    2.3000    6.5000    8.9000    1.2000
    4.9000    3.8000    7.2000    7.5000
    9.8000    3.4000    7.5000    8.9000


B =

    1.2000    5.7000    4.2000    1.4000
    6.3000    2.5000    8.1000    3.1000
    6.4000    2.8000    7.1000    8.1000
    3.2000    5.1000    7.2000    6.2000


C =

   10.1000   13.0000    9.0000    3.8000
    8.6000    9.0000   17.0000    4.3000
   11.3000    6.6000   14.3000   15.6000
   13.0000    8.5000   14.7000   15.1000


D =

    7.7000    1.6000    0.6000    1.0000
   -4.0000    4.0000    0.8000   -1.9000
   -1.5000    1.0000    0.1000   -0.6000
    6.6000   -1.7000    0.3000    2.7000


E =

   95.0700   94.6600  147.8700   88.8500
  104.5100   60.4000  134.1400  102.9000
   99.9000   95.8400  156.4800  123.4600
  109.6600  130.7500  186.0300  140.1900


F =

    3.6843   -0.1425    2.9613   -4.2423
    0.1550    0.9353   -1.2568    1.3328
   -0.0724   -0.0232    0.5284    0.5473
    1.0701   -0.0757    2.2760   -1.7418


G =

    0.1124    0.1370    0.2083    0.4167
    0.4348    0.1538    0.1124    0.8333
    0.2041    0.2632    0.1389    0.1333
    0.1020    0.2941    0.1333    0.1124


H =

   10.1000    8.6000   11.3000   13.0000
   13.0000    9.0000    6.6000    8.5000
    9.0000   17.0000   14.3000   14.7000
    3.8000    4.3000   15.6000   15.1000